0.001065324931529525,0.025240374524875403,0.3226791504804121,2.2259090799802665,8.285244770979082,16.640434868689596,18.033723475760073,10.545508996430295,3.327446589231961,0.5665210426062719
0.19343482761660177,1.0782426030324255,3.5862349514734513,7.117073074615827,8.427612250668714,5.954538413119415,2.5103373713246073,0.6314755158640325,0.0947810195300131,0.008488416292262544
3.121589777069681,2.8063101698578046,2.1626657688599473,1.4286868190892652,0.809055967484808,0.3927480060102559,0.16343433783240124,0.0582997271915444,0.017827220368384127,0.00467298771369336
1.1631249828760628,5.0164308988411035,9.817864344740318,8.719527718978007,3.5141689799282867,0.6426966878564879,0.053338798103220245,0.0020087881219436783,3.433039344589286e-05,2.662423711321894e-07
7.1094287270645795,7.5685918336969715,7.524181308288201,6.985012803773621,6.055345784430545,4.902013206111914,3.7057301662392166,2.6159949180837603,1.724502333093006,1.061584243022467
2.9246900891755803,3.866217246082383,4.736007678882813,5.37598793974566,5.654886824018122,5.512001066280843,4.978682279675002,4.167151359275049,3.2320932482854667,2.322994773037495
0.47862476743179244,0.902369779412979,1.528854256398731,2.32776857886409,3.184972501397673,3.9161898997352247,4.3272697567419645,4.296911078665647,3.8343427692876637,3.074805659659181
2.2203437546244507,5.516855092177393,9.521174057716603,11.413451584366166,9.503226176462912,5.49607560960389,2.207811037674945,0.6160254720043986,0.11938864096112917,0.016071444589656758
0.7819980995219574,3.1555592711314358,5.778308556254614,4.801521289299849,1.8105508692421606,0.3098106524950258,0.02405668071855725,0.0008476738871556949,1.3554254879524055e-05,9.835042341035212e-08
8.594480812384232,16.573186307868454,14.502608436626376,5.758905776706044,1.0377376347726934,0.0848572403975028,0.0031487920758548264,5.302159720826827e-05,4.051495596344708e-07,1.4048555739440652e-09
